21.13693,0.179953,-325.9817,10.54996,0.1946118,-325.9923,24.66592,0.107679,-325.9923,26.69675,0.1059707,-325.9924,25.64804,NaN,-325.951,25.51489,0.1164142,-325.9923,20.65417,0.2061352,-325.9896,21.17023,0.1546775,-325.9811,26.0975,0.09996983,-325.979,31.82379,0.09697601,-325.9923,17.77438,0.1049308,-325.9923,14.1788,0.132165,-325.9922,23.16776,0.3704675,-325.9923,18.7565,0.09909231,-325.9915,29.12711,0.1620048,-325.9923,17.15851,0.09840714,-325.9923,22.23557,0.09634109,-325.9923,21.91931,0.09616123,-325.9923,20.12149,0.1376488,-325.9923,19.77194,0.0969146,-325.9923,
Friday, November 1, 2019 9:58:45 AM--------------------
21.40326,0.1037975,-325.9924,9.434662,0.1010795,-325.9924,24.74915,0.08771203,-325.9924,26.7966,0.1813671,-325.9923,26.13077,NaN,-325.9923,25.698,0.09464639,-325.9923,20.93716,0.0928866,-325.9924,21.40326,0.1394247,-325.9922,26.49701,0.1819883,-325.9924,31.99026,0.08900938,-325.9924,18.00745,0.09867594,-325.9923,14.26205,0.09594008,-325.9924,23.25101,0.09433554,-325.9924,18.95627,0.08987184,-325.9924,29.36014,0.1272774,-325.9924,17.20844,0.09355332,-325.9923,22.51855,0.178596,-325.9916,22.16898,0.08882929,-325.9924,20.35455,0.0910472,-325.9923,19.90512,0.1023722,-325.9923,
--------------------------------------------------------------------------------
Friday, November 1, 2019 10:00:09 AM--------------------
21.27011,0.08519404,-325.9923,10.89954,0.08659138,-325.9924,24.89896,0.09774133,-325.9923,26.86322,0.2447004,-325.9924,26.11414,NaN,-325.9923,25.83118,0.08930521,-325.9924,21.10367,0.08449446,-325.9924,21.50314,0.08562034,-325.9924,26.43042,0.2332446,-325.9923,32.20663,0.0833661,-325.9923,18.34036,0.09864717,-325.9924,14.47845,0.09114422,-325.9924,23.41748,0.09669979,-325.9924,19.03952,0.09228875,-325.9924,29.46002,0.09526626,-325.9923,17.44147,0.150892,-325.9923,22.53519,0.136759,-325.9655,22.25223,0.08954755,-325.9923,20.40448,0.08867242,-325.9924,20.02164,0.1733296,-325.991,
------------------------------------------------------------
Friday, November 1, 2019 2:49:27 PM--------------------
28.44461,0.0961104,-325.9923,17.65787,0.09822772,-325.9924,31.22449,0.1786344,-325.6114,33.73807,0.2757747,-315.8394,27.92859,NaN,-325.7239,32.10678,0.087933,-325.9923,27.56238,0.09638009,-325.1902,27.89529,0.2401482,-310.918,30.95816,0.08019228,-325.9836,38.16599,0.1047438,-325.9922,24.23312,0.1001494,-325.9924,20.33789,0.09406518,-325.9924,29.74301,0.08886353,-325.9639,25.03214,0.09820721,-325.9915,35.81885,0.1266304,-325.8414,23.66714,0.09263269,-325.9924,28.49454,0.09616497,-325.9724,28.66098,0.196472,-323.0012,26.61353,0.08793676,-325.9923,25.74792,0.08700826,-325.9924,
------------------------------------------------------------
Friday, November 1, 2019 2:49:46 PM--------------------
28.44461,0.0961104,-325.9923,17.65787,0.09822772,-325.9924,31.22449,0.1786344,-325.6114,33.73807,0.2757747,-315.8394,27.92859,NaN,-325.7239,32.10678,0.087933,-325.9923,27.56238,0.09638009,-325.1902,27.89529,0.2401482,-310.918,30.95816,0.08019228,-325.9836,38.16599,0.1047438,-325.9922,24.23312,0.1001494,-325.9924,20.33789,0.09406518,-325.9924,29.74301,0.08886353,-325.9639,25.03214,0.09820721,-325.9915,35.81885,0.1266304,-325.8414,23.66714,0.09263269,-325.9924,28.49454,0.09616497,-325.9724,28.66098,0.196472,-323.0012,26.61353,0.08793676,-325.9923,25.74792,0.08700826,-325.9924,28.42795,0.192663,-324.6887,17.90756,0.07829086,-325.9924,31.20786,0.1542306,-325.9278,33.67151,0.2326899,-323.8442,32.42307,NaN,-325.9482,32.38974,0.08177145,-325.9923,27.6123,0.07751927,-325.8464,27.81207,0.3299063,-319.5473,32.80591,0.07403383,-325.9908,37.98285,0.08017898,-325.9923,24.34964,0.08778298,-325.9924,20.42114,0.08589965,-325.9923,29.54324,0.08508793,-325.9876,24.96555,0.08604448,-325.9922,35.81885,0.1968596,-325.9698,23.61722,0.09938029,-325.9923,28.5112,0.3451991,-268.2319,28.56113,0.1110767,-325.4975,26.41379,0.08459995,-325.9924,25.86444,0.08511268,-325.9923,
------------------------------------------------------------
Friday, November 1, 2019 2:52:12 PM--------------------
28.54446,0.1677745,-323.3098,16.47598,0.1783972,-321.8817,31.40759,0.0948175,-325.7852,33.57162,0.08018367,-325.9923,32.57285,NaN,-309.2599,32.2233,0.3554688,-292.1498,27.52908,0.08585875,-325.9863,27.74545,0.08279914,-325.9917,32.8392,0.2733646,-322.8893,38.08273,0.08339349,-325.9923,24.31635,0.09338604,-325.9924,20.65417,0.09149277,-325.9923,29.69308,0.08762147,-325.9923,24.89896,0.08879915,-325.9924,35.60245,0.09011549,-325.9913,23.70044,0.09604963,-325.9806,28.52783,0.08901196,-325.9909,27.31265,0.09707444,-325.6127,26.5303,0.0860571,-325.9924,25.86444,0.09875522,-325.9749,
------------------------------------------------------------
Friday, November 1, 2019 2:52:31 PM--------------------
28.21155,0.1380428,-319.4667,17.84097,0.173772,-325.3012,31.19122,0.08444118,-325.9615,33.57162,0.07371817,-325.9924,32.52295,NaN,-323.4995,32.20663,0.3901747,-308.2979,27.59567,0.1769062,-314.5117,27.71219,0.07400566,-325.9922,32.97235,0.1295123,-325.53,38.11603,0.07459803,-325.9924,24.14987,0.08666442,-325.9923,20.60425,0.08545899,-325.9924,29.60983,0.08470964,-325.9923,25.09869,0.08461154,-325.9924,35.83551,0.08497954,-325.9922,23.56726,0.1660689,-320.6048,28.52783,0.08715452,-325.9921,28.52783,0.08603667,-325.9358,26.49701,0.08434115,-325.9923,25.83118,0.08689658,-325.9898,
------------------------------------------------------------
Friday, November 1, 2019 2:53:17 PM--------------------
28.39465,0.0903736,-325.8273,17.82434,0.07617265,-325.9861,31.24115,0.1529903,-325.9637,33.77139,0.07284736,-325.9924,32.42307,NaN,-325.9669,32.19,0.08784471,-325.8333,27.49579,0.1201537,-325.7577,27.92859,0.07371067,-325.9924,32.87247,0.07330626,-325.9877,38.11603,0.07315609,-325.9923,24.33301,0.08587206,-325.9923,20.55429,0.08535219,-325.9923,29.79294,0.08427176,-325.9924,25.04877,0.08422524,-325.9924,35.88544,0.08461526,-325.9924,23.534,0.1284474,-325.9283,28.41132,0.126506,-311.0788,28.52783,0.08414452,-325.9918,26.49701,0.08404473,-325.9924,25.86444,0.08484227,-325.9923,
------------------------------------------------------------
Friday, November 1, 2019 2:53:40 PM--------------------
28.36139,0.07697321,-325.9759,17.74112,0.07630038,-325.9917,31.30774,0.1026172,-325.9895,33.73807,0.07292664,-325.9923,32.50629,NaN,-298.7352,32.12341,0.07663504,-325.9748,27.52908,0.07866887,-325.969,27.76212,0.07267085,-325.9923,30.30896,0.1316377,-325.9919,38.01614,0.07319213,-325.9923,24.33301,0.08565026,-325.9924,20.47107,0.08795646,-325.9923,29.74301,0.08430596,-325.9924,24.86566,0.08397517,-325.9923,35.70233,0.08405144,-325.9923,23.534,0.09507338,-325.9853,28.56113,0.2051081,-324.2177,28.81082,0.08415446,-325.9923,26.43042,0.08406911,-325.9924,25.76456,0.08482748,-325.9924,
------------------------------------------------------------
Friday, November 1, 2019 2:54:30 PM--------------------
28.49454,0.2654806,-311.0968,17.72446,0.1358187,-323.2021,31.29108,0.1198236,-317.7045,33.68814,0.08246652,-325.9923,28.84412,NaN,-325.4958,32.17337,0.0742421,-325.9922,27.74545,0.1497874,-302.0224,27.81207,0.07776359,-325.9923,32.77261,0.1204411,-325.9692,38.13266,0.07773885,-325.9924,24.31635,0.0936742,-325.9923,20.57095,0.2324465,-294.3148,29.69308,0.3108842,-308.2794,24.94888,0.09480043,-325.9924,35.81885,0.09662773,-325.9924,23.51733,0.08710644,-325.9923,28.56113,0.119064,-325.9509,28.61108,0.08679631,-325.9924,26.39713,0.08503399,-325.9923,25.83118,0.0857871,-325.9923,
------------------------------------------------------------
Friday, November 1, 2019 2:54:52 PM--------------------
25.86444,0.1669669,-324.1594,17.90756,0.09664676,-325.6856,31.25781,0.1229237,-324.9799,33.80466,0.3086618,-301.7367,32.48962,NaN,-325.932,32.04016,0.07500411,-325.9924,27.52908,0.2008137,-317.2744,27.74545,0.07596093,-325.9923,32.97235,0.1947954,-319.152,37.98285,0.07386903,-325.9924,24.21649,0.08670642,-325.9924,20.521,0.2574641,-270.4447,29.62646,0.2103465,-323.7368,24.96555,0.08522273,-325.9923,35.70233,0.0854062,-325.9924,23.46741,0.08585257,-325.9924,28.61108,0.1415361,-315.8422,28.62772,0.08453692,-325.9924,26.44705,0.08417883,-325.9924,25.76456,0.08494557,-325.9923,
------------------------------------------------------------
Friday, November 1, 2019 2:55:14 PM--------------------
26.39713,0.08583992,-325.7901,17.75775,0.07716691,-325.9585,31.30774,0.08929163,-325.8912,33.82129,0.2040726,-323.2529,32.38974,NaN,-325.1618,32.14005,0.07440661,-325.9924,27.54572,0.1159172,-325.1218,27.66223,0.0727357,-325.9923,32.77261,0.1306981,-325.3119,38.09937,0.07333019,-325.9923,24.14987,0.08562306,-325.9924,20.53766,0.1805045,-319.1231,29.46002,0.1018667,-325.7434,25.03214,0.08405539,-325.9924,34.63699,0.08414934,-325.9923,23.55063,0.08541419,-325.9923,28.56113,0.1859149,-324.6491,28.56113,0.08413745,-325.9923,26.33054,0.08405144,-325.9924,25.76456,0.08685122,-325.9924,
------------------------------------------------------------
Friday, November 1, 2019 2:55:36 PM--------------------
28.34473,0.07610346,-325.9702,17.77438,0.07449099,-325.9886,31.32437,0.07411076,-325.9812,33.77139,0.08705361,-325.7198,32.48962,NaN,-325.9007,32.32318,0.07410161,-325.9923,27.49579,0.1036629,-325.8966,27.66223,0.07226792,-325.9923,32.90579,0.1539403,-308.5758,38.11603,0.07316942,-325.9924,24.36627,0.08552409,-325.9924,20.47107,0.2005457,-325.0517,29.74301,0.08642733,-325.9649,25.01547,0.08399072,-325.9924,35.80219,0.08398516,-325.9923,23.60056,0.09144771,-325.9923,28.59442,0.09995057,-325.8436,28.56113,0.0841449,-325.9923,26.46368,0.08401707,-325.9923,25.76456,0.243508,-290.0499,
------------------------------------------------------------
Friday, November 1, 2019 2:55:58 PM--------------------
28.5112,0.07571226,-325.9899,17.82434,0.07489427,-325.992,31.25781,0.07330748,-325.991,33.77139,0.1761462,-307.8137,32.37311,NaN,-325.9822,32.19,0.07454599,-325.9923,27.56238,0.08731444,-325.9818,27.74545,0.07262567,-325.9924,32.82254,0.1114062,-323.7943,38.11603,0.07318954,-325.9924,24.21649,0.1004588,-325.9923,20.45441,0.1186206,-325.8885,29.54324,0.1061171,-323.863,25.03214,0.08436179,-325.9924,35.66904,0.08396773,-325.9923,23.534,0.2186551,-310.4308,28.59442,0.08598346,-325.9774,28.56113,0.08731579,-325.9889,26.3139,0.08404243,-325.9924,25.89774,0.1540719,-322.0234,
------------------------------------------------------------
Friday, November 1, 2019 2:56:20 PM--------------------
28.39465,0.07544915,-325.9921,17.82434,0.0747277,-325.9922,31.29108,0.07163042,-325.9923,33.80466,0.1212552,-323.7751,32.4064,NaN,-325.9912,32.20663,0.07446622,-325.9924,27.56238,0.1846223,-310.9612,25.698,0.07878403,-325.9924,32.77261,0.09578922,-322.8643,38.03278,0.0736826,-325.9923,24.33301,0.08708238,-325.9923,20.55429,0.08941671,-325.9808,29.72635,0.09638178,-325.7326,25.11536,0.1221885,-323.3405,34.68692,0.08779623,-325.9924,23.46741,0.1810869,-324.151,28.56113,0.08461948,-325.9905,28.59442,0.1990962,-311.8479,26.43042,0.08405638,-325.9924,25.76456,0.207126,-303.091,
------------------------------------------------------------
Friday, November 1, 2019 2:56:42 PM--------------------
28.31143,0.07556672,-325.9923,16.45935,0.0749176,-325.9923,31.29108,0.07167669,-325.9923,33.57162,0.1546377,-321.5962,32.4064,NaN,-325.9923,32.19,0.07656708,-325.9923,27.56238,0.1449156,-324.1418,27.6456,0.07341277,-325.9923,32.98901,0.1998364,-321.6885,38.09937,0.07911368,-325.9924,24.31635,0.0858163,-325.9924,20.33789,0.08513029,-325.9911,29.62646,0.1117961,-321.4535,25.04877,0.1221948,-325.7286,35.56915,0.08442124,-325.9924,23.534,0.1249007,-325.7891,28.62772,0.08448054,-325.9911,28.56113,0.1533242,-324.3258,26.39713,0.08404333,-325.9924,25.76456,0.1256983,-323.7054,
------------------------------------------------------------
Friday, November 1, 2019 2:57:05 PM--------------------
28.24484,0.07543752,-325.9923,17.64124,0.0747262,-325.9924,31.3743,0.07151668,-325.9923,33.67151,0.09593014,-325.5533,32.57285,NaN,-325.9924,32.33981,0.08014229,-325.9923,27.62894,0.1192115,-325.7678,27.89529,0.07249116,-325.9923,32.78925,0.2319131,-320.5793,38.33243,0.08966507,-325.9923,24.23312,0.08558514,-325.9924,20.47107,0.0845387,-325.9922,27.24606,0.1669048,-321.2452,25.04877,0.1202932,-325.9632,35.80219,0.08401816,-325.9924,23.46741,0.09046938,-325.9721,28.81082,0.2846254,-303.4047,28.56113,0.09211901,-325.8257,26.39713,0.08404152,-325.9923,25.76456,0.212433,-302.2594,
------------------------------------------------------------
Friday, November 1, 2019 2:57:27 PM--------------------
25.56482,0.07555762,-325.9923,17.6246,0.07487813,-325.9924,31.42426,0.07167966,-325.9924,33.80466,0.09550389,-321.7402,32.52295,NaN,-325.9924,32.23993,0.08124337,-325.9743,27.51242,0.09044693,-325.9699,27.71219,0.07260939,-325.9923,32.98901,0.1070033,-325.4539,38.09937,0.1979421,-325.9923,24.29971,0.08565256,-325.9923,20.80399,0.08453459,-325.9923,29.74301,0.1144286,-325.4684,25.01547,0.1691753,-325.9648,35.90207,0.08398889,-325.9924,23.55063,0.0860768,-325.9903,28.61108,0.1469902,-323.3211,28.66098,0.08494379,-325.9757,26.41379,0.0840734,-325.9924,25.81451,0.1230636,-323.3831,
------------------------------------------------------------
Friday, November 1, 2019 2:57:50 PM--------------------
28.46124,0.07550087,-325.9924,17.84097,0.07478637,-325.9923,31.39096,0.07162277,-325.9924,33.97116,0.1468154,-325.5693,32.4397,NaN,-325.9923,32.23993,0.09415314,-325.9904,24.51608,0.07542852,-325.9902,27.91193,0.07251505,-325.9924,32.88913,0.0767718,-325.9386,38.08273,0.1596922,-325.9855,24.26639,0.0903371,-325.9924,20.55429,0.08451086,-325.9923,29.74301,0.1374673,-319.4309,25.09869,0.1374505,-325.9878,35.88544,0.09562845,-325.9923,23.63388,0.08684578,-325.9921,28.71094,0.09068734,-325.7267,28.7276,0.08420501,-325.9907,26.51364,0.08407315,-325.9924,26.01425,0.1092904,-325.7249,
------------------------------------------------------------
Friday, November 1, 2019 2:58:13 PM--------------------
28.41132,0.07537346,-325.9924,17.72446,0.07471906,-325.9924,31.30774,0.0714951,-325.9923,33.78799,0.2071268,-319.544,32.53955,NaN,-325.9924,32.20663,0.08703682,-325.938,27.52908,0.07354154,-325.9921,27.81207,0.09284622,-325.9908,32.80591,0.07315894,-325.9864,38.26587,0.1438371,-322.8705,24.44952,0.0974815,-325.9923,20.521,0.08447932,-325.9924,27.41254,0.1118345,-325.3395,25.0654,0.1309614,-325.6222,35.91873,0.08514339,-325.9923,23.56726,0.08564137,-325.9923,28.66098,0.08686645,-325.9658,28.62772,0.09351695,-325.969,26.59686,0.08404549,-325.9923,25.86444,0.1351699,-321.2466,
------------------------------------------------------------
Friday, November 1, 2019 2:58:36 PM--------------------
28.49454,0.07528036,-325.9924,17.80768,0.07451101,-325.9924,31.24115,0.07126705,-325.9923,33.83795,0.1023894,-325.4119,32.50629,NaN,-325.9923,32.23993,0.1135511,-320.5014,27.62894,0.07334032,-325.9923,27.8287,0.08247356,-325.9922,32.90579,0.0728146,-325.9918,38.19928,0.283997,-312.3078,24.36627,0.09410999,-325.9572,20.7041,0.0844807,-325.9923,29.8096,0.230349,-314.6976,25.29846,0.1887711,-325.9187,36.03528,0.08407632,-325.9924,23.61722,0.08556938,-325.9923,28.66098,0.113308,-317.2722,28.69431,0.1494072,-311.2419,26.59686,0.08405781,-325.9923,25.89774,0.2187193,-294.92,
------------------------------------------------------------
Friday, November 1, 2019 2:58:59 PM--------------------
28.61108,0.07561988,-325.9924,17.72446,0.07496691,-325.9923,31.34103,0.07173993,-325.9923,33.78799,0.07604124,-325.9344,32.60617,NaN,-325.9923,32.37311,0.09353298,-325.444,27.52908,0.07350906,-325.9923,27.84534,0.07875654,-325.9923,32.90579,0.0728075,-325.9923,38.23257,0.1583407,-324.631,24.33301,0.09164932,-325.9889,20.55429,0.08924232,-325.9924,27.84534,0.2850536,-314.8343,25.21524,0.1465901,-325.985,35.96866,0.08398305,-325.9924,23.73373,0.08558863,-325.9924,28.66098,0.0986471,-325.1717,28.74423,0.1350572,-324.5009,26.44705,0.0840751,-325.9923,25.81451,0.1429545,-322.6733,
------------------------------------------------------------
Friday, November 1, 2019 2:59:23 PM--------------------
28.41132,0.07550742,-325.9923,17.90756,0.07479853,-325.9923,31.3743,0.07157595,-325.9924,33.78799,0.07321586,-325.9871,32.57285,NaN,-325.9924,32.17337,0.08355797,-325.9376,27.56238,0.07334822,-325.9924,27.96185,0.1075777,-325.8656,32.87247,0.07273501,-325.9923,38.19928,0.09758998,-325.8693,24.34964,0.1226444,-325.992,20.63754,0.08667007,-325.9922,29.72635,0.1528308,-324.8775,24.99884,0.1676149,-325.8651,36.06857,0.08419484,-325.9923,23.534,0.08548441,-325.9923,28.71094,0.117016,-323.8924,28.76086,0.2093908,-315.1548,26.54694,0.08405989,-325.9924,24.73248,0.1438177,-309.776,
------------------------------------------------------------
Friday, November 1, 2019 2:59:46 PM--------------------
26.91315,0.07545531,-325.9924,17.90756,0.07473806,-325.9923,31.42426,0.07152478,-325.9924,33.68814,0.07287642,-325.9918,32.38974,NaN,-325.9923,32.30652,0.08156027,-325.9874,27.54572,0.07504863,-325.9923,27.92859,0.09720238,-325.8084,32.98901,0.07274576,-325.9923,38.21594,0.09743819,-325.3633,24.21649,0.09303647,-325.9923,20.43777,0.09432801,-325.977,29.8429,0.09115493,-325.881,25.16528,0.2132708,-321.9754,35.96866,0.1089076,-325.9399,23.85025,0.08554093,-325.9924,28.71094,0.08768589,-325.7834,28.62772,0.1498176,-324.9064,26.44705,0.08406584,-325.9924,25.86444,0.1241823,-324.1668,
------------------------------------------------------------
Friday, November 1, 2019 3:00:09 PM--------------------
28.39465,0.07568654,-325.9923,17.95752,0.07506382,-325.9923,31.30774,0.07180471,-325.9923,33.77139,0.07311288,-325.9922,32.47296,NaN,-325.9924,32.32318,0.07758401,-325.9919,27.66223,0.1885922,-317.0251,27.79541,0.07672035,-325.9757,32.82254,0.07289226,-325.9923,38.26587,0.2231389,-325.9355,22.13571,0.08660668,-325.9923,20.50436,0.257417,-271.4776,29.72635,0.08498904,-325.9824,25.11536,0.1439888,-325.5242,35.83551,0.09442437,-325.9876,23.65051,0.08559643,-325.9924,28.71094,0.08476831,-325.9735,28.69431,0.3603033,-293.17,26.39713,0.08406199,-325.9924,25.83118,0.08859604,-325.8274,
------------------------------------------------------------
Friday, November 1, 2019 3:00:33 PM--------------------
28.59442,0.07545625,-325.9924,17.87427,0.0748257,-325.9923,30.64188,0.07161499,-325.9923,33.87122,0.07291752,-325.9923,32.67273,NaN,-325.9923,32.33981,0.08017189,-325.9922,27.74545,0.213368,-288.5174,27.79541,0.07375546,-325.9908,33.02231,0.07275636,-325.9923,38.11603,0.1658517,-325.0822,24.51608,0.08577148,-325.9924,20.55429,0.1516296,-321.0604,29.74301,0.0843574,-325.9915,25.14865,0.2757908,-269.99,35.93536,0.09726472,-325.9919,23.63388,0.08551088,-325.9923,28.81082,0.08445989,-325.9906,28.71094,0.3565568,-315.431,26.59686,0.08405037,-325.9923,25.84781,0.08519626,-325.9775,
------------------------------------------------------------
Friday, November 1, 2019 3:00:57 PM--------------------
28.52783,0.07537139,-325.9923,17.92419,0.07468045,-325.9924,31.3743,0.07144672,-325.9924,33.87122,0.07276289,-325.9923,32.60617,NaN,-325.9924,32.32318,0.07943407,-325.9924,27.74545,0.1353303,-322.5766,27.84534,0.07812106,-325.9922,32.97235,0.07267906,-325.9923,38.01614,0.2114191,-325.7243,24.43286,0.09450144,-325.9923,20.60425,0.1752384,-325.4777,29.8429,0.08426411,-325.9923,25.11536,0.1800122,-298.5535,35.96866,0.1000634,-325.9923,23.83362,0.08549664,-325.9924,28.79416,0.08442084,-325.9922,27.31265,0.16287,-324.9699,26.39713,0.08404958,-325.9924,25.99762,0.08485981,-325.9908,
------------------------------------------------------------
Friday, November 1, 2019 3:01:21 PM--------------------
28.54446,0.07551935,-325.9923,17.6745,0.07481532,-325.9923,31.34103,0.07161629,-325.9923,33.88791,0.07286949,-325.9923,32.53955,NaN,-325.9923,32.38974,0.08913217,-325.9901,27.6456,0.0970959,-325.6494,27.862,0.2295577,-321.1366,33.0889,0.0727581,-325.9923,38.19928,0.2144407,-282.2657,24.49945,0.286021,-325.411,20.75406,0.1635986,-325.0714,29.74301,0.08428882,-325.9923,25.19858,0.1981284,-297.3459,36.06857,0.08953959,-325.9923,23.60056,0.08558974,-325.9923,28.66098,0.08445664,-325.9923,28.64435,0.09206758,-325.8903,26.54694,0.08405088,-325.9924,25.79785,0.0848363,-325.9922,
------------------------------------------------------------
Friday, November 1, 2019 3:01:45 PM--------------------
28.56113,0.07547723,-325.9923,18.05737,0.07546975,-325.9923,31.59073,0.07161055,-325.9924,34.00446,0.07285229,-325.9924,32.72266,NaN,-325.9924,32.33981,0.0846789,-325.9178,27.74545,0.1920901,-325.9608,27.84534,0.3293139,-313.9037,31.47418,0.07272892,-325.9924,38.26587,0.1602038,-318.205,24.53275,0.2315506,-314.6126,20.65417,0.2227692,-297.8001,29.82623,0.08428573,-325.9923,25.09869,0.1978395,-305.1501,35.90207,0.08444228,-325.9923,23.83362,0.08555228,-325.9924,28.79416,0.08446036,-325.9924,28.59442,0.08487797,-325.9832,26.46368,0.08405235,-325.9924,25.9144,0.08483207,-325.9923,
------------------------------------------------------------
Friday, November 1, 2019 3:02:09 PM--------------------
28.54446,0.07552911,-325.9924,17.72446,0.0841644,-325.9923,31.39096,0.07156893,-325.9924,33.98779,0.07366606,-325.9924,32.58951,NaN,-325.9923,32.4064,0.1033127,-325.3027,27.69556,0.1852638,-260.8628,27.99515,0.1478547,-325.0041,33.0889,0.07267799,-325.9923,38.23257,0.1203375,-325.3557,24.63263,0.0991072,-325.0656,20.63754,0.09907533,-297.7249,29.65979,0.08430919,-325.9923,25.13199,0.1420743,-310.127,35.98532,0.0916494,-325.9924,23.63388,0.08560234,-325.9923,28.62772,0.08445394,-325.9923,28.59442,0.08421326,-325.9915,26.54694,0.08406094,-325.9923,25.9144,0.08480123,-325.9924,
------------------------------------------------------------
Friday, November 1, 2019 3:02:34 PM--------------------
28.49454,0.1729371,-325.9045,17.04199,0.1760467,-314.6012,31.60736,0.07164318,-325.9923,33.80466,0.08480617,-324.4335,32.47296,NaN,-325.9923,32.33981,0.07989287,-325.9361,27.71219,0.2083971,-318.9201,27.71219,0.1633334,-325.9118,32.97235,0.07277887,-325.9923,38.29916,0.1793009,-296.206,24.51608,0.0867482,-325.9166,20.73743,0.1894096,-315.1772,29.8096,0.08427416,-325.9924,25.19858,0.2256884,-292.9202,35.93536,0.3514153,-301.9009,23.65051,0.08552781,-325.9923,28.66098,0.08444439,-325.9924,28.71094,0.08414719,-325.9923,26.59686,0.08404943,-325.9924,25.93103,0.08482192,-325.9923,
------------------------------------------------------------
Friday, November 1, 2019 3:02:58 PM--------------------
28.61108,0.281562,-318.0253,17.92419,0.1313586,-324.1034,31.3743,0.07142187,-325.9923,33.88791,0.07990401,-325.8515,32.68939,NaN,-325.9924,32.47296,0.07570659,-325.9873,27.72882,0.1519001,-325.3533,27.96185,0.2478204,-324.0719,33.13882,0.07267787,-325.9923,38.41565,0.2245664,-323.301,24.49945,0.08787939,-325.9861,20.67081,0.2024704,-324.9726,29.8096,0.0842315,-325.9924,25.31509,0.1382734,-314.7159,36.16846,0.1822076,-323.8116,23.56726,0.08547075,-325.9923,28.69431,0.08442285,-325.9923,28.91068,0.08411751,-325.9923,26.66345,0.08404385,-325.9923,25.96432,0.08480274,-325.9924,
------------------------------------------------------------
Friday, November 1, 2019 3:03:23 PM--------------------
28.74423,0.1027864,-325.3435,18.04074,0.1191705,-325.7625,31.59073,0.07152956,-325.9924,33.98779,0.07672144,-325.9808,32.73932,NaN,-325.9923,32.42307,0.07490835,-325.9919,27.89529,0.1471202,-325.9346,27.94522,0.3428262,-325.7797,33.20538,0.0727042,-325.9924,38.31583,0.1244119,-325.7491,24.51608,0.08582087,-325.9918,20.73743,0.177289,-300.9332,30.04263,0.0842668,-325.9923,25.16528,0.235498,-324.7657,35.96866,0.09291112,-325.7953,23.70044,0.08552808,-325.9924,28.64435,0.08443131,-325.9923,28.74423,0.08413625,-325.9923,26.59686,0.08404265,-325.9923,25.94769,0.08586325,-325.9923,
------------------------------------------------------------
Friday, November 1, 2019 3:03:48 PM--------------------
28.59442,0.08489119,-325.9393,17.92419,0.1994614,-279.7505,31.47418,0.07156594,-325.9923,33.93784,0.07320218,-325.9914,28.96063,NaN,-325.9924,32.33981,0.07561076,-325.9922,24.11661,0.2000149,-324.8663,28.01181,0.3862286,-320.7107,33.02231,0.07267742,-325.9923,38.19928,0.1567982,-314.6931,24.46616,0.08566619,-325.9923,20.72076,0.1104334,-324.136,29.79294,0.08429083,-325.9923,25.16528,0.1537042,-312.2378,36.03528,0.084621,-325.9778,23.70044,0.08553891,-325.9924,28.76086,0.08443137,-325.9923,28.71094,0.08414811,-325.9923,26.56357,0.08405346,-325.9923,25.93103,0.1008094,-319.7364,
------------------------------------------------------------
Friday, November 1, 2019 3:04:13 PM--------------------
28.42795,0.07696087,-325.988,18.07404,0.1410741,-322.3652,31.54077,0.07155954,-325.9924,34.02106,0.2019379,-320.5718,32.73932,NaN,-325.9923,32.32318,0.07481837,-325.9924,27.74545,0.1803249,-325.8732,27.92859,0.2840407,-324.8716,32.92242,0.07274924,-325.9923,38.23257,0.2744251,-323.6967,24.73248,0.08566935,-325.9923,20.60425,0.08662527,-325.8406,29.8096,0.08430296,-325.9923,25.04877,0.2437147,-283.2388,36.13516,0.08400607,-325.9913,23.5007,0.08557308,-325.9923,28.86075,0.08509804,-325.9923,28.64435,0.08414435,-325.9923,26.59686,0.08405729,-325.9923,26.01425,0.08765478,-325.5295,
------------------------------------------------------------
Friday, November 1, 2019 3:04:38 PM--------------------
28.59442,0.09122889,-325.9916,18.02408,0.1351189,-312.305,31.42426,0.07161406,-325.9924,33.98779,0.1931136,-322.4372,32.63943,NaN,-325.9924,32.37311,0.07449064,-325.9923,27.72882,0.1426835,-325.9836,27.94522,0.2897826,-325.9007,33.0889,0.07761887,-325.9924,38.29916,0.1123745,-325.8054,24.51608,0.08806432,-325.9924,20.67081,0.08466975,-325.98,29.79294,0.08426491,-325.9923,25.41501,0.1358536,-322.1355,36.00195,0.09034002,-325.9923,23.65051,0.08552045,-325.9923,28.76086,0.2448454,-286.2709,27.41254,0.08413718,-325.9923,26.66345,0.08404992,-325.9924,26.03091,0.08600304,-325.9507,
------------------------------------------------------------
Friday, November 1, 2019 3:05:04 PM--------------------
28.66098,0.1000501,-325.9898,18.1073,0.1320075,-324.6404,31.60736,0.07141898,-325.9924,34.03772,0.08265808,-325.7028,32.68939,NaN,-325.9923,32.42307,0.07436737,-325.9924,27.8287,0.1017185,-325.9915,28.02847,0.3857286,-323.1895,32.98901,0.3501315,-294.4486,38.21594,0.07634053,-325.9786,24.51608,0.08574078,-325.9923,20.73743,0.0844913,-325.9915,29.82623,0.08423956,-325.9923,25.14865,0.2022402,-325.1375,35.96866,0.08443397,-325.9923,23.63388,0.08549307,-325.9923,28.74423,0.1437467,-322.4122,28.89404,0.08413886,-325.9923,26.5303,0.08404407,-325.9924,26.04755,0.2655999,-274.7562,
------------------------------------------------------------
Friday, November 1, 2019 3:05:29 PM--------------------
28.69431,0.08958197,-325.9822,18.04074,0.08690763,-325.8927,31.50748,0.07172716,-325.9923,34.03772,0.07375941,-325.9687,32.77261,NaN,-325.9923,32.4397,0.07455203,-325.9924,27.91193,0.08111247,-325.9923,28.0451,0.4478855,-261.1472,33.22205,0.2337164,-322.9771,38.43231,0.07341075,-325.9912,24.56604,0.08566012,-325.9924,20.77069,0.1232146,-325.9923,29.75967,0.08432169,-325.9923,25.19858,0.1133322,-325.9294,35.90207,0.08398453,-325.9924,24.09995,0.085614,-325.9923,28.82745,0.1203339,-325.6935,28.79416,0.08416595,-325.9923,26.69675,0.08405261,-325.9923,26.03091,0.2004559,-322.1949,
------------------------------------------------------------
Friday, November 1, 2019 3:05:54 PM--------------------
28.54446,0.08357129,-325.9916,18.15726,0.09316429,-325.9828,31.44092,0.07515543,-325.9923,34.03772,0.07311856,-325.9906,32.82254,NaN,-325.9923,32.47296,0.07460471,-325.9924,28.02847,0.07460704,-325.9923,26.71338,0.4601277,-233.9115,33.20538,0.08519695,-325.7701,38.36575,0.0732675,-325.9922,24.49945,0.08567842,-325.9924,20.7041,0.1792418,-310.3105,29.94278,0.1117845,-325.9923,25.31509,0.09320276,-325.9872,35.93536,0.08399182,-325.9923,23.73373,0.08702204,-325.9923,28.79416,0.09694112,-325.9703,28.76086,0.08414014,-325.9924,26.89648,0.08406416,-325.9924,25.93103,0.1513864,-325.2179,
------------------------------------------------------------
Friday, November 1, 2019 3:06:19 PM--------------------
28.69431,0.08283614,-325.9922,18.07404,0.2019118,-305.1921,31.47418,0.236998,-324.9872,33.97116,0.072764,-325.9922,32.63943,NaN,-325.882,32.37311,0.0742735,-325.9923,27.84534,0.07343455,-325.9924,27.92859,0.4323428,-300.8914,32.92242,0.07385214,-325.9723,38.36575,0.07371202,-325.9923,22.30215,0.08775527,-325.9923,20.7041,0.1123243,-323.0619,29.8429,0.2898645,-318.1728,25.24854,0.09829964,-325.9329,36.03528,0.09032982,-325.9924,23.7171,0.08568331,-325.9923,28.84412,0.1477112,-323.1675,28.71094,0.08409464,-325.9924,26.56357,0.0840217,-325.9924,25.94769,0.09039041,-325.9293,
------------------------------------------------------------
Friday, November 1, 2019 3:06:44 PM--------------------
28.69431,0.08349296,-325.9923,18.04074,0.1826408,-324.2415,31.44092,0.1418979,-321.0731,33.93784,0.07290164,-325.9923,32.57285,NaN,-322.9823,32.60617,0.07459298,-325.9923,27.74545,0.07357667,-325.9924,27.94522,0.4430901,-321.4255,33.02231,0.07292706,-325.9908,38.21594,0.111447,-325.8173,24.64926,0.08588092,-325.9923,20.83728,0.08711589,-325.7756,29.94278,0.1036413,-325.353,25.24854,0.09176404,-325.9879,36.16846,0.08444354,-325.9924,23.93347,0.1326879,-325.6865,28.74423,0.1488094,-325.7562,26.7966,0.08417217,-325.9923,26.61353,0.08406027,-325.9924,26.0975,0.08529041,-325.9877,
------------------------------------------------------------
Friday, November 1, 2019 3:07:10 PM--------------------
25.89774,0.08244607,-325.9924,17.97415,0.09756277,-325.8633,31.15793,0.07766772,-325.6299,34.03772,0.07297254,-325.9923,32.67273,NaN,-321.8346,32.4064,0.07451572,-325.9924,27.76212,0.07348554,-325.9923,27.99515,0.3172114,-325.2508,33.0889,0.07280397,-325.9922,38.38239,0.08770639,-325.7605,24.64926,0.08565878,-325.9924,20.73743,0.08467347,-325.9764,29.82623,0.08574566,-325.9452,25.26517,0.08718237,-325.992,36.08524,0.08400601,-325.9924,24.03336,0.101099,-325.9485,28.91068,0.1645152,-301.24,28.86075,0.1348622,-325.9451,26.73004,0.08404639,-325.9923,26.03091,0.08487264,-325.992,
------------------------------------------------------------
Friday, November 1, 2019 3:07:36 PM--------------------
28.71094,0.08146284,-325.9923,18.04074,0.08792441,-325.9828,31.52414,0.07196119,-325.9655,34.00446,0.0727676,-325.9924,32.68939,NaN,-325.6848,32.30652,0.0743769,-325.9923,27.72882,0.07333081,-325.9923,28.0451,0.1510802,-325.9234,33.20538,0.0726707,-325.9923,38.43231,0.07795584,-325.9753,24.5993,0.0856103,-325.9924,20.73743,0.08447262,-325.9911,30.00937,0.08637591,-325.9888,25.19858,0.09830163,-325.9923,36.1185,0.08396595,-325.9924,23.81696,0.09234583,-325.9891,28.82745,0.1433727,-321.907,28.84412,0.2222722,-323.1392,26.69675,0.08404496,-325.9924,25.99762,0.08481579,-325.9923,
------------------------------------------------------------
Friday, November 1, 2019 3:08:01 PM--------------------
28.64435,0.07891665,-325.9923,17.92419,0.2166122,-305.8074,31.59073,0.09667277,-325.9902,33.93784,0.07283138,-325.9923,32.68939,NaN,-309.7614,32.4397,0.07460553,-325.9923,27.84534,0.07341602,-325.9923,27.96185,0.1080467,-325.9706,33.12216,0.07275064,-325.9924,38.36575,0.07356602,-325.9909,24.5993,0.08763987,-325.9924,20.7041,0.08448069,-325.9922,30.09259,0.09109789,-325.9921,25.29846,0.1060483,-323.2226,35.98532,0.08916777,-325.9924,23.80032,0.1281991,-314.4858,28.76086,0.1716934,-325.5802,26.73004,0.09712849,-325.7591,26.7966,0.08405732,-325.9923,26.06421,0.0848055,-325.9923,
------------------------------------------------------------
Friday, November 1, 2019 3:08:27 PM--------------------
28.52783,0.07819635,-325.9923,18.1073,0.1765297,-323.7454,31.52414,0.1642515,-325.9801,34.07101,0.07273217,-325.9923,32.72266,NaN,-321.6918,32.4397,0.07439573,-325.9923,27.79541,0.07324001,-325.9923,27.96185,0.07695917,-325.9397,32.97235,0.07264919,-325.9923,38.33243,0.07312037,-325.9923,24.5993,0.08569735,-325.9924,20.75406,0.08442058,-325.9923,29.92612,0.1069992,-325.5781,25.41501,0.09734368,-325.7882,36.03528,0.08435067,-325.9923,23.66714,0.1225631,-325.2221,28.91068,0.3168933,-316.2404,28.89404,0.08760466,-325.9743,26.76334,0.08402949,-325.9923,26.11414,0.0848016,-325.9923,
------------------------------------------------------------
Friday, November 1, 2019 3:08:53 PM--------------------
28.54446,0.1117553,-325.9732,18.12396,0.1023861,-325.8258,31.67395,0.1597672,-325.8783,34.02106,0.0730818,-325.9923,32.70602,NaN,-325.6755,32.4397,0.1449257,-325.9924,27.862,0.07354882,-325.9923,28.01181,0.07529543,-325.9684,33.17212,0.07286547,-325.9924,38.36575,0.07317497,-325.9924,22.53519,0.08567188,-325.9924,20.77069,0.08450894,-325.9923,29.89282,0.0858828,-325.9647,25.21524,0.08912827,-325.9773,36.13516,0.0839891,-325.9923,23.81696,0.09179758,-325.9356,28.81082,0.1147326,-325.269,28.74423,0.1126995,-325.9696,26.73004,0.08406608,-325.9924,26.06421,0.08482461,-325.9923,
------------------------------------------------------------
Friday, November 1, 2019 3:09:19 PM--------------------
28.76086,0.2042356,-325.9033,17.94086,0.2388985,-314.5818,31.14127,0.1311612,-314.1441,34.08768,0.07379403,-325.9924,32.63943,NaN,-325.9712,32.4064,0.3657489,-283.9175,27.54572,0.07392427,-325.9923,27.99515,0.07525535,-325.9908,33.03894,0.07267817,-325.9924,38.33243,0.07315806,-325.9924,24.5993,0.08560377,-325.9923,20.83728,0.08443637,-325.9923,29.64313,0.08436999,-325.9902,25.16528,0.08543549,-325.9914,35.83551,0.08395407,-325.9924,23.73373,0.08588948,-325.9886,28.82745,0.08642364,-325.9441,28.86075,0.1098001,-325.9785,26.64682,0.08403335,-325.9924,25.89774,0.08482786,-325.9923,
------------------------------------------------------------
Friday, November 1, 2019 3:09:45 PM--------------------
28.71094,0.3143214,-308.9395,17.85764,0.1521094,-324.1216,31.50748,0.08369286,-325.0237,33.92123,0.09236307,-325.9923,32.63943,NaN,-325.9906,32.42307,0.1249804,-322.4982,27.69556,0.1451402,-325.4491,27.92859,0.2568001,-325.9608,33.13882,0.07279643,-325.9923,38.36575,0.07314964,-325.9923,24.61597,0.08696972,-325.9924,20.65417,0.08447132,-325.9923,29.89282,0.08432199,-325.9921,25.39838,0.09081206,-325.9922,36.03528,0.08745099,-325.9924,23.80032,0.0855956,-325.9921,28.76086,0.08461452,-325.9884,28.71094,0.1477243,-324.7235,26.71338,0.08407745,-325.9924,26.04755,0.08483712,-325.9924,
------------------------------------------------------------
Friday, November 1, 2019 3:10:11 PM--------------------
28.66098,0.3311605,-303.0912,17.95752,0.08867406,-325.8672,31.47418,0.07231902,-325.9278,33.90457,0.3909277,-281.2217,28.11169,NaN,-325.9922,32.4397,0.07825489,-325.7594,27.71219,0.09405831,-325.9561,27.94522,0.4325259,-313.6628,33.02231,0.07271027,-325.9924,38.29916,0.07311099,-325.9923,24.69919,0.08570293,-325.9923,20.75406,0.08445098,-325.9923,29.75967,0.08426262,-325.9923,25.21524,0.08446576,-325.9924,36.03528,0.08420237,-325.9924,23.7504,0.08561362,-325.9923,28.84412,0.08444107,-325.9921,28.69431,0.08851591,-325.9077,26.69675,0.08405891,-325.9923,25.99762,0.08481153,-325.9923,
------------------------------------------------------------
Friday, November 1, 2019 3:10:38 PM--------------------
28.61108,0.2657607,-324.4566,18.07404,0.0756551,-325.984,31.64066,0.07147174,-325.9875,33.83795,0.3849734,-308.3811,32.8392,NaN,-325.9924,32.42307,0.07468171,-325.9752,27.79541,0.1559209,-320.7125,28.0451,0.448052,-318.6346,33.0889,0.07266288,-325.9924,38.29916,0.07311794,-325.9923,24.63263,0.08561047,-325.9924,20.73743,0.08443838,-325.9924,29.85956,0.08426224,-325.9923,25.16528,0.08412573,-325.9923,35.90207,0.08397078,-325.9923,23.76703,0.107502,-325.9923,28.79416,0.08441461,-325.9923,28.64435,0.08441356,-325.9867,26.5303,0.08404683,-325.9923,26.03091,0.08483975,-325.9923,
------------------------------------------------------------
Friday, November 1, 2019 3:11:04 PM--------------------
28.61108,0.2881867,-325.0979,18.04074,0.07489686,-325.9918,31.59073,0.0716361,-325.992,34.08768,0.3333512,-322.1885,32.77261,NaN,-325.9924,32.38974,0.07643484,-325.9912,27.81207,0.08432447,-325.6306,27.94522,0.4497295,-305.2768,33.20538,0.07273845,-325.9924,38.38239,0.07311344,-325.9924,24.63263,0.0977885,-325.9924,20.77069,0.08447084,-325.9923,29.79294,0.084288,-325.9923,25.31509,0.09772393,-325.9924,36.08524,0.08396854,-325.9924,23.66714,0.3600536,-278.9974,28.81082,0.08443528,-325.9923,28.79416,0.0841664,-325.9919,26.64682,0.08405659,-325.9924,24.96555,0.08480548,-325.9924,
------------------------------------------------------------
Friday, November 1, 2019 3:11:31 PM--------------------
28.62772,0.2637046,-325.8118,17.95752,0.07492553,-325.9924,31.52414,0.07172593,-325.9923,34.03772,0.2179949,-322.9753,32.73932,NaN,-324.2946,32.58951,0.1026143,-319.3097,27.79541,0.07829534,-325.9657,27.99515,0.4503233,-234.8167,33.03894,0.07278217,-325.9923,38.2825,0.07316998,-325.9923,24.61597,0.08647352,-325.9923,20.62088,0.08449779,-325.9923,29.8429,0.08431226,-325.9924,25.16528,0.08930328,-325.9923,36.01862,0.08609306,-325.9923,24.01672,0.2897083,-322.2691,28.76086,0.08827384,-325.9924,28.74423,0.08415667,-325.9923,26.73004,0.08406658,-325.9924,24.86566,0.08481801,-325.9923,
------------------------------------------------------------
Friday, November 1, 2019 3:11:58 PM--------------------
28.64435,0.1774803,-325.9803,18.15726,0.07472592,-325.9924,31.64066,0.07146955,-325.9923,33.92123,0.08452225,-325.7904,32.63943,NaN,-303.924,32.48962,0.08227646,-325.545,27.76212,0.08349787,-325.9905,27.94522,0.3402786,-318.3508,33.20538,0.07273173,-325.9923,38.38239,0.07313596,-325.9923,24.56604,0.08564965,-325.9924,20.7041,0.08445433,-325.9923,29.8429,0.08425152,-325.9924,25.29846,0.09681954,-325.9923,36.00195,0.08410097,-325.9923,23.73373,0.1148589,-325.7441,28.84412,0.270633,-313.3539,28.81082,0.08412617,-325.9923,26.73004,0.08405519,-325.9924,26.0975,0.08978191,-325.9924,
------------------------------------------------------------
Friday, November 1, 2019 3:12:25 PM--------------------
28.79416,0.1074222,-325.9915,17.82434,0.074574,-325.9923,31.49084,0.07128623,-325.9923,34.02106,0.07356479,-325.9788,32.70602,NaN,-321.6858,32.4397,0.08148518,-325.9513,27.6456,0.2558262,-278.5835,26.92978,0.3247792,-324.1406,32.97235,0.0726527,-325.9923,38.26587,0.0730894,-325.9923,24.63263,0.08553804,-325.9923,20.65417,0.08443622,-325.9924,29.82623,0.08423016,-325.9924,25.23187,0.09048696,-325.9924,36.08524,0.08395667,-325.9924,23.81696,0.08750647,-325.9758,28.71094,0.1000438,-325.1489,28.7276,0.08410904,-325.9923,26.61353,0.0840402,-325.9924,25.93103,0.09775436,-325.9923,
------------------------------------------------------------
Friday, November 1, 2019 3:12:52 PM--------------------
28.79416,0.0814753,-325.9923,18.02408,0.07889983,-325.9924,31.50748,0.07147998,-325.9924,34.03772,0.07289205,-325.9914,32.77261,NaN,-325.7048,32.4064,0.09243241,-325.9896,27.92859,0.128053,-323.121,28.01181,0.354226,-324.3813,33.18878,0.07265832,-325.9924,38.38239,0.07309099,-325.9924,24.43286,0.09168019,-325.9923,20.65417,0.08449385,-325.9924,29.79294,0.08429543,-325.9924,25.26517,0.1242967,-325.7488,35.98532,0.0997084,-325.9923,23.83362,0.08575147,-325.9911,29.24359,0.08659031,-325.9414,28.7276,0.08415198,-325.9923,26.61353,0.08407204,-325.9924,26.01425,0.2504692,-307.6513,
------------------------------------------------------------
Friday, November 1, 2019 3:13:19 PM--------------------
26.99637,0.08497037,-325.9613,18.1073,0.1451314,-301.2224,31.62399,0.07167812,-325.9923,34.02106,0.07290847,-325.9923,32.58951,NaN,-325.9731,32.50629,0.07580972,-325.9922,27.66223,0.1794726,-325.776,28.01181,0.2127283,-325.6522,31.1246,0.07266182,-325.9924,38.33243,0.0731275,-325.9924,24.61597,0.08602705,-325.9924,20.65417,0.08447143,-325.9924,30.00937,0.0842903,-325.9923,25.31509,0.08715863,-325.9777,36.26831,0.08500797,-325.9923,23.76703,0.08555757,-325.9923,28.84412,0.1154241,-314.92,28.944,0.08412811,-325.9924,26.86322,0.08406434,-325.9923,25.9144,0.1856171,-324.6345,
------------------------------------------------------------
Friday, November 1, 2019 3:13:46 PM--------------------
28.76086,0.07613362,-325.9903,17.85764,0.1503408,-324.3047,31.54077,0.07142153,-325.9923,34.08768,0.07283403,-325.9924,32.68939,NaN,-325.9912,32.47296,0.07450154,-325.9923,27.71219,0.1890152,-318.9389,28.12833,0.1557167,-325.9718,33.32193,0.0726701,-325.9923,38.2825,0.07311464,-325.9923,24.51608,0.08561817,-325.9924,20.9538,0.08445361,-325.9923,29.99271,0.0842436,-325.9924,25.33176,0.08604852,-325.9914,36.00195,0.08401278,-325.9923,23.7504,0.0855191,-325.9924,28.91068,0.09626361,-325.2484,28.82745,0.08412609,-325.9924,26.66345,0.08404785,-325.9924,26.11414,0.1295658,-325.9004,
------------------------------------------------------------
Friday, November 1, 2019 3:14:13 PM--------------------
28.59442,0.0762044,-325.9922,17.94086,0.1508788,-324.7904,31.67395,0.07152209,-325.9924,34.1709,0.09449296,-325.9923,32.73932,NaN,-325.9923,32.52295,0.07443551,-325.9924,27.84534,0.1478319,-325.4344,28.01181,0.1081291,-325.9911,33.10553,0.07266153,-325.9923,38.38239,0.07310517,-325.9924,24.54941,0.08561783,-325.9924,20.67081,0.0844497,-325.9923,29.89282,0.08424705,-325.9924,25.34839,0.09136438,-325.9922,36.08524,0.08395617,-325.9924,23.7504,0.08550057,-325.9924,28.79416,0.0921625,-325.9465,28.79416,0.08411015,-325.9923,26.73004,0.08406538,-325.9924,25.93103,0.1920346,-310.7861,
------------------------------------------------------------
Friday, November 1, 2019 3:14:40 PM--------------------
28.71094,0.07639876,-325.9924,18.04074,0.08686365,-325.9119,31.70721,0.07148365,-325.9924,34.03772,0.3316657,-315.5911,32.70602,NaN,-325.9923,32.30652,0.07442372,-325.9923,24.91559,0.1536711,-324.6998,27.91193,0.1057705,-325.9923,33.10553,0.07269904,-325.9924,38.46561,0.07311143,-325.9923,24.56604,0.08833868,-325.9924,20.82065,0.08448174,-325.9923,29.90948,0.08428954,-325.9924,25.16528,0.0976369,-325.9924,36.10184,0.09101924,-325.9923,23.85025,0.08553077,-325.9924,28.71094,0.08490369,-325.9896,28.86075,0.08414908,-325.9923,26.66345,0.08409796,-325.9923,26.0975,0.2107325,-314.2966,
------------------------------------------------------------
Friday, November 1, 2019 3:15:08 PM--------------------
28.66098,0.07859653,-325.9915,18.12396,0.07561546,-325.9875,31.62399,0.07170456,-325.9923,34.03772,0.1052433,-325.3647,32.67273,NaN,-325.9924,32.52295,0.07455076,-325.9923,27.8287,0.08954425,-325.9061,28.11169,0.07735261,-325.9923,33.0889,0.07272638,-325.9924,38.26587,0.07313044,-325.9924,24.64926,0.08583471,-325.9923,20.67081,0.08448374,-325.9924,29.8429,0.08428625,-325.9923,25.26517,0.08555321,-325.9923,36.06857,0.08440358,-325.9924,23.80032,0.08554336,-325.9923,28.84412,0.08447956,-325.9922,28.79416,0.08414502,-325.9924,26.66345,0.08411183,-325.9924,26.03091,0.2045705,-325.2665,
------------------------------------------------------------
Friday, November 1, 2019 3:15:36 PM--------------------
28.81082,0.07575057,-325.9923,18.04074,0.07616412,-325.9921,31.57407,0.07142724,-325.9923,34.07101,0.1715405,-317.2063,32.80591,NaN,-325.9924,32.53955,0.07439434,-325.9923,27.8287,0.07430068,-325.9871,28.01181,0.07296228,-325.9923,33.13882,0.07266811,-325.9923,38.21594,0.07312158,-325.9924,24.61597,0.08562971,-325.9923,20.82065,0.08447064,-325.9923,29.92612,0.08428019,-325.9923,25.24854,0.08533803,-325.9924,36.20172,0.08399748,-325.9923,23.85025,0.08551643,-325.9924,28.92734,0.08443903,-325.9923,28.92734,0.08413247,-325.9924,26.73004,0.08577554,-325.9924,25.74792,0.1761331,-325.617,
------------------------------------------------------------
Friday, November 1, 2019 3:16:04 PM--------------------
28.71094,0.09713092,-325.9777,18.05737,0.104341,-319.5417,31.59073,0.0715997,-325.9924,34.07101,0.1092039,-325.3156,32.80591,NaN,-325.9923,32.57285,0.07447173,-325.9923,28.01181,0.2000648,-292.8901,28.02847,0.1545734,-325.9701,33.18878,0.07269375,-325.9924,38.29916,0.07312882,-325.9924,24.56604,0.1004816,-325.9923,20.63754,0.08447058,-325.9923,29.8096,0.08427677,-325.9923,25.4483,0.08764359,-325.9924,36.23505,0.08395982,-325.9923,23.73373,0.08551918,-325.9923,28.84412,0.08443051,-325.9924,28.91068,0.08413387,-325.9923,26.71338,0.2084973,-325.9924,26.19736,0.2427093,-271.0895,
------------------------------------------------------------
Friday, November 1, 2019 3:16:32 PM--------------------
28.82745,0.3211714,-307.087,18.22385,0.08448336,-325.4895,31.47418,0.07136172,-325.9924,34.02106,0.1885457,-323.5325,32.67273,NaN,-325.9923,32.52295,0.07435074,-325.9924,27.92859,0.1778002,-323.7401,28.06174,0.3532341,-307.4863,33.12216,0.07265899,-325.9923,38.39905,0.07309549,-325.9924,24.56604,0.08640776,-325.9924,20.73743,0.08443916,-325.9924,29.8429,0.08424844,-325.9923,25.29846,0.1431559,-325.0518,36.06857,0.08630109,-325.9923,23.81696,0.08549942,-325.9924,28.84412,0.08442303,-325.9924,28.84412,0.08410176,-325.9924,26.7467,0.2898124,-324.8999,25.99762,0.1499924,-322.4775,
------------------------------------------------------------
Friday, November 1, 2019 3:17:00 PM--------------------
28.76086,0.1727394,-324.9382,18.07404,0.07525875,-325.962,31.64066,0.0714206,-325.9924,34.22083,0.08140247,-325.8434,32.68939,NaN,-325.9924,32.53955,0.07450082,-325.9923,27.66223,0.1163408,-325.5911,28.06174,0.1696544,-324.9308,33.0889,0.07281858,-325.9923,38.38239,0.07317008,-325.9923,24.63263,0.08581159,-325.9923,20.72076,0.08458464,-325.9924,30.00937,0.08445426,-325.9923,25.14865,0.1903512,-325.9408,36.00195,0.08409119,-325.9923,23.7504,0.08572447,-325.9923,28.7276,0.08452717,-325.9923,28.81082,0.08424056,-325.9923,26.69675,0.4343161,-294.3065,25.99762,0.246932,-298.4897,
------------------------------------------------------------
Friday, November 1, 2019 3:17:29 PM--------------------
28.71094,0.08972488,-325.9227,18.1073,0.07516322,-325.9907,31.57407,0.07194521,-325.9923,34.18753,0.07395067,-325.9842,32.70602,NaN,-325.9923,32.50629,0.07470727,-325.9923,27.76212,0.07596174,-325.9705,26.63016,0.1814962,-304.3089,33.02231,0.07293671,-325.9924,38.33243,0.07319913,-325.9923,24.44952,0.08569835,-325.9924,20.73743,0.08450902,-325.9923,29.8096,0.08434322,-325.9923,25.33176,0.1303184,-325.7064,35.91873,0.08400507,-325.9924,23.63388,0.08551244,-325.9924,28.79416,0.08444983,-325.9923,28.74423,0.08415988,-325.9923,26.56357,0.1297001,-324.2605,26.03091,0.1374305,-324.2939,
------------------------------------------------------------
Friday, November 1, 2019 3:17:57 PM--------------------
28.69431,0.101869,-325.9182,18.00745,0.0745253,-325.9922,31.39096,0.07136486,-325.9924,34.07101,0.1686388,-321.8274,32.60617,NaN,-325.9924,32.38974,0.07428777,-325.9923,27.66223,0.1553228,-297.8003,27.92859,0.1273608,-324.4275,32.90579,0.07268638,-325.9923,38.23257,0.07314802,-325.9923,24.49945,0.0895943,-325.9923,20.7041,0.08445228,-325.9924,29.85956,0.09454808,-325.9924,25.26517,0.134772,-325.9766,35.96866,0.1128791,-317.8319,23.73373,0.08542868,-325.9924,28.81082,0.08438931,-325.9923,28.79416,0.0840978,-325.9924,26.56357,0.0977236,-325.891,25.94769,0.08874896,-325.8894,
------------------------------------------------------------
Friday, November 1, 2019 3:18:26 PM--------------------
28.5112,0.104574,-321.548,17.94086,0.0747791,-325.9923,31.42426,0.07165551,-325.9923,33.92123,0.1624874,-323.2009,32.52295,NaN,-325.9924,32.37311,0.07465242,-325.9923,27.62894,0.09586697,-323.596,27.91193,0.1898256,-313.1465,32.97235,0.07825826,-325.9924,38.21594,0.07329004,-325.9923,24.46616,0.08600231,-325.9923,20.63754,0.08461334,-325.9924,29.79294,0.3066844,-296.3765,25.13199,0.2485509,-267.0685,35.96866,0.1158937,-325.5468,23.81696,0.08570817,-325.9923,28.69431,0.08454327,-325.9924,28.86075,0.08424313,-325.9923,26.61353,0.08485613,-325.9868,26.03091,0.1095052,-317.5571,
------------------------------------------------------------
Friday, November 1, 2019 3:18:54 PM--------------------
28.66098,0.1389368,-316.2627,18.00745,0.0751425,-325.9924,31.57407,0.0718936,-325.9923,33.80466,0.08062439,-325.84,32.60617,NaN,-325.9924,32.37311,0.07458863,-325.9923,27.71219,0.07481196,-325.8615,25.96432,0.1288736,-325.2323,32.93909,0.3491352,-303.8758,38.29916,0.07326987,-325.9923,24.44952,0.08569402,-325.9923,20.73743,0.08451461,-325.9923,29.89282,0.3964137,-266.2851,25.23187,0.1674506,-322.7731,35.83551,0.4443022,-272.8552,23.51733,0.08551688,-325.9924,28.76086,0.08444515,-325.9923,28.76086,0.08416601,-325.9923,26.61353,0.08413343,-325.992,26.04755,0.2139798,-263.3167,
------------------------------------------------------------
Friday, November 1, 2019 3:19:23 PM--------------------
28.54446,0.1078364,-325.4559,18.05737,0.07452226,-325.9923,31.30774,0.07130343,-325.9924,33.90457,0.1661148,-325.984,32.53955,NaN,-325.9923,32.23993,0.07424153,-325.9923,27.66223,0.07329161,-325.9851,27.74545,0.08561816,-325.9509,32.97235,0.228882,-324.2357,38.08273,0.07314832,-325.9923,24.51608,0.08553969,-325.9923,20.72076,0.08441497,-325.9923,29.79294,0.3028648,-308.2636,25.09869,0.2245874,-325.7321,36.06857,0.3463839,-322.0182,23.61722,0.08539315,-325.9924,28.66098,0.08437657,-325.9923,28.62772,0.08410279,-325.9924,26.63016,0.08404761,-325.9924,26.13077,0.1395042,-321.4362,
------------------------------------------------------------
Friday, November 1, 2019 3:19:53 PM--------------------
28.56113,0.1089422,-324.4144,17.77438,0.07431304,-325.9923,31.52414,0.07091834,-325.9923,33.92123,0.1648346,-324.1633,32.60617,NaN,-325.9924,32.32318,0.07408524,-325.9923,27.81207,0.07298773,-325.9919,27.91193,0.08098134,-325.9379,33.00565,0.3633032,-257.6624,38.08273,0.07305001,-325.9923,24.34964,0.08640676,-325.9923,20.82065,0.08439296,-325.9923,29.64313,0.282077,-323.4783,25.14865,0.2432607,-318.1067,36.06857,0.2087296,-325.7785,23.56726,0.08545557,-325.9924,28.89404,0.08440516,-325.9923,28.64435,0.08414432,-325.9924,26.59686,0.08405481,-325.9924,25.83118,0.1906554,-324.9706,
------------------------------------------------------------
Friday, November 1, 2019 3:20:21 PM--------------------
28.7276,0.1710787,-323.8324,17.90756,0.07520288,-325.9923,31.44092,0.071977,-325.9923,33.90457,0.07776373,-325.902,28.944,NaN,-325.9923,32.4064,0.07462169,-325.9924,27.6123,0.07355087,-325.9923,27.862,0.1367645,-319.9086,32.98901,0.3984341,-266.6319,38.18262,0.07321731,-325.9923,24.56604,0.08930855,-325.9924,20.7041,0.08452482,-325.9923,29.65979,0.1492965,-324.1833,25.11536,0.2258498,-324.2621,35.96866,0.2754521,-301.5275,23.7171,0.08552935,-325.9924,28.62772,0.08445215,-325.9923,28.62772,0.08416941,-325.9923,26.51364,0.08407052,-325.9923,25.93103,0.3102489,-280.6275,
------------------------------------------------------------
Friday, November 1, 2019 3:20:51 PM--------------------
28.61108,0.2654598,-285.2475,17.85764,0.0745891,-325.9923,31.49084,0.07135576,-325.9924,33.83795,0.0731275,-325.9874,32.53955,NaN,-325.9923,32.38974,0.07431009,-325.9923,27.91193,0.07321233,-325.9923,27.72882,0.1664555,-325.649,32.92242,0.274418,-311.4337,38.16599,0.07315792,-325.9923,24.36627,0.1221977,-323.2808,20.55429,0.08443332,-325.9924,29.72635,0.1493775,-323.525,25.09869,0.1348356,-325.3647,35.90207,0.1378067,-324.4056,23.7171,0.08543938,-325.9923,28.66098,0.08440578,-325.9924,28.7276,0.08699619,-325.9891,26.51364,0.08404665,-325.9924,25.96432,0.1900123,-317.8909,
------------------------------------------------------------
Friday, November 1, 2019 3:21:20 PM--------------------
28.61108,0.2681429,-302.0468,17.94086,0.07469546,-325.9923,31.52414,0.0714795,-325.9923,34.02106,0.07288252,-325.9921,32.57285,NaN,-325.9924,32.37311,0.07439239,-325.9924,27.79541,0.07333473,-325.9923,27.72882,0.1498968,-322.3519,32.98901,0.2968883,-320.3824,38.2825,0.07314019,-325.9923,24.56604,0.1332183,-325.7977,20.80399,0.08445691,-325.9924,29.60983,0.1117739,-321.0297,25.24854,0.1666852,-316.5191,35.86877,0.2378485,-316.1296,23.61722,0.08552581,-325.9923,28.69431,0.08443417,-325.9924,28.62772,0.2365059,-307.1922,26.61353,0.08407032,-325.9923,25.9144,0.1175764,-325.2712,
------------------------------------------------------------
Friday, November 1, 2019 3:21:50 PM--------------------
28.62772,0.1446112,-323.934,17.92419,0.07486045,-325.9923,31.50748,0.07167794,-325.9923,33.98779,0.07298931,-325.9923,32.53955,NaN,-325.9924,32.4064,0.07458236,-325.9923,27.54572,0.07343781,-325.9924,27.89529,0.1102009,-325.7035,32.90579,0.2421017,-325.6651,38.08273,0.0731997,-325.9924,22.23557,0.1895686,-323.7425,20.72076,0.08448686,-325.9923,29.72635,0.2892624,-289.614,25.33176,0.214369,-283.0597,35.90207,0.2137498,-325.4827,23.7171,0.08560853,-325.9923,28.7276,0.08446475,-325.9924,28.56113,0.1146996,-321.8367,26.5303,0.08407209,-325.9924,26.01425,0.08647276,-325.9567,
------------------------------------------------------------
Friday, November 1, 2019 3:22:20 PM--------------------
28.66098,0.3521881,-313.7813,18.05737,0.0749037,-325.9924,31.3743,0.07174821,-325.9923,33.82129,0.07299269,-325.9923,32.48962,NaN,-325.9924,32.37311,0.07463764,-325.9923,27.6456,0.07356232,-325.9923,26.13077,0.2852426,-309.3639,32.97235,0.1372928,-325.9778,38.11603,0.07321811,-325.9924,24.34964,0.2879096,-324.4635,20.62088,0.08451992,-325.9923,29.65979,0.1980065,-324.0911,25.03214,0.2995702,-320.3952,35.88544,0.1084856,-325.9671,23.61722,0.08560166,-325.9924,28.81082,0.0844809,-325.9924,28.62772,0.09381293,-325.7711,26.54694,0.08407333,-325.9923,25.99762,0.08490794,-325.9908,
------------------------------------------------------------
Friday, November 1, 2019 3:22:50 PM--------------------
28.42795,0.1285911,-325.3879,17.77438,0.07491438,-325.9923,31.42426,0.07183129,-325.9924,33.80466,0.07309467,-325.9923,32.62277,NaN,-325.9923,32.19,0.07470278,-325.9924,27.62894,0.07359383,-325.9923,27.89529,0.1390318,-324.9974,32.92242,0.2164916,-300.9411,38.23257,0.07321794,-325.9924,24.36627,0.2901479,-325.8748,20.65417,0.08454025,-325.9923,29.8429,0.3010408,-319.3367,25.31509,0.3217236,-316.9917,35.81885,0.1176058,-323.4185,23.61722,0.08561938,-325.9923,28.76086,0.0844951,-325.9923,28.7276,0.09321315,-323.3916,26.61353,0.08407367,-325.9923,26.04755,0.08486767,-325.9923,
------------------------------------------------------------
Friday, November 1, 2019 3:23:20 PM--------------------
28.39465,0.1073645,-325.9545,17.92419,0.07485668,-325.9923,31.30774,0.07174857,-325.9924,33.88791,0.07298251,-325.9923,32.53955,NaN,-325.9923,32.38974,0.07470424,-325.9923,27.862,0.0735356,-325.9923,27.96185,0.0759045,-325.9431,32.93909,0.2717256,-280.3988,38.23257,0.07322983,-325.9924,24.56604,0.4511017,-242.4181,20.65417,0.08451898,-325.9923,29.85956,0.09756692,-325.6636,25.16528,0.1518552,-325.5133,35.88544,0.0869663,-325.8773,23.9668,0.08559214,-325.9923,28.86075,0.08447694,-325.9923,28.76086,0.1183687,-325.8016,26.51364,0.0840482,-325.9923,26.04755,0.0848185,-325.9923,
------------------------------------------------------------
Friday, November 1, 2019 3:23:50 PM--------------------
28.49454,0.1072719,-325.9524,17.90756,0.07473519,-325.9924,31.44092,0.07143086,-325.9924,33.78799,0.07277623,-325.9924,32.63943,NaN,-325.9923,32.33981,0.07453386,-325.9923,27.62894,0.0733756,-325.9923,27.76212,0.0725581,-325.99,32.92242,0.135903,-323.7721,38.11603,0.07314292,-325.9924,24.51608,0.1718439,-320.0061,20.75406,0.08450045,-325.9924,29.82623,0.08494174,-325.9776,25.13199,0.1324501,-325.9709,35.98532,0.08676731,-325.9867,23.70044,0.08554547,-325.9923,28.7276,0.2113047,-292.8192,28.84412,0.1690582,-324.5601,26.63016,0.08401224,-325.9924,26.0975,0.08481485,-325.9924,
------------------------------------------------------------
Friday, November 1, 2019 3:24:21 PM--------------------
28.49454,0.09181955,-325.9192,17.90756,0.07460481,-325.9924,31.50748,0.07120649,-325.9923,33.82129,0.07260708,-325.9923,32.62277,NaN,-325.9924,32.32318,0.07446511,-325.9923,27.66223,0.07327966,-325.9924,27.89529,0.07218112,-325.9922,33.02231,0.07583825,-325.8827,38.26587,0.07303711,-325.9924,24.63263,0.1291312,-325.7248,20.57095,0.08445568,-325.9924,29.82623,0.1129562,-319.86,25.19858,0.156614,-325.8978,35.90207,0.1697976,-291.1764,23.81696,0.08555064,-325.9923,28.79416,0.1289849,-323.489,28.79416,0.1049195,-325.9031,26.66345,0.08401159,-325.9923,25.93103,0.08476427,-325.9923,
------------------------------------------------------------
Friday, November 1, 2019 3:24:51 PM--------------------
28.5112,0.1049573,-325.9339,18.00745,0.07464737,-325.9924,31.54077,0.07125149,-325.9923,33.82129,0.07258978,-325.9923,32.62277,NaN,-325.9924,32.52295,0.07446968,-325.9924,27.56238,0.07325462,-325.9924,27.71219,0.07222766,-325.9923,32.88913,0.07297435,-325.987,38.19928,0.07305593,-325.9923,24.46616,0.09499498,-325.9804,20.53766,0.08445521,-325.9923,29.85956,0.1044655,-325.4248,25.14865,0.2366644,-323.4655,35.93536,0.184543,-313.1681,23.7504,0.08556496,-325.9923,28.69431,0.1213771,-322.9464,28.82745,0.1378573,-322.8143,26.54694,0.08401071,-325.9923,25.84781,0.08476532,-325.9923,
------------------------------------------------------------
Friday, November 1, 2019 3:25:21 PM--------------------
26.69675,0.1054395,-325.9893,17.84097,0.07461932,-325.9924,31.50748,0.07129972,-325.9924,33.73807,0.07265112,-325.9924,32.52295,NaN,-325.9924,32.62277,0.07447387,-325.9924,27.66223,0.07326872,-325.9923,27.76212,0.07217664,-325.9924,32.98901,0.07267433,-325.9921,38.19928,0.07299868,-325.9923,24.46616,0.1139208,-325.1016,20.60425,0.08447019,-325.9923,29.65979,0.1029643,-325.9669,25.24854,0.2198015,-325.8235,35.13635,0.1340677,-325.2122,23.65051,0.08556823,-325.9923,28.7276,0.1075775,-320.267,28.64435,0.2907256,-306.9984,26.61353,0.08403528,-325.9923,25.96432,0.08475251,-325.9923,
------------------------------------------------------------
Friday, November 1, 2019 3:25:51 PM--------------------
28.41132,0.1271891,-325.9043,17.85764,0.07476003,-325.9924,31.42426,0.07156383,-325.9924,33.90457,0.07274579,-325.9923,32.52295,NaN,-325.9923,32.33981,0.07449787,-325.9923,24.69919,0.07338613,-325.9924,27.91193,0.07242689,-325.9924,30.22574,0.07271282,-325.9923,38.26587,0.07302756,-325.9924,24.43286,0.1001374,-325.9483,20.77069,0.08449761,-325.9923,29.74301,0.09009831,-325.9912,25.09869,0.3769826,-238.5303,36.00195,0.08665126,-325.9538,23.60056,0.08559135,-325.9923,28.79416,0.1386106,-323.8765,28.61108,0.3088607,-295.5,26.61353,0.08401579,-325.9923,25.9144,0.08478882,-325.9923,
------------------------------------------------------------
Friday, November 1, 2019 3:26:22 PM--------------------
28.54446,0.1380116,-325.7047,17.75775,0.07483411,-325.9923,31.34103,0.07159495,-325.9924,33.70477,0.07278039,-325.9924,32.48962,NaN,-325.9924,32.58951,0.07457565,-325.9923,27.69556,0.07342681,-325.9924,25.51489,0.07245005,-325.9923,32.88913,0.07275163,-325.9924,38.2825,0.073084,-325.9924,21.5531,0.1011128,-325.9906,20.67081,0.08448607,-325.9923,29.8429,0.1285069,-315.5924,25.21524,0.350088,-304.0878,34.60367,0.09185343,-325.9908,23.60056,0.08558106,-325.9923,28.89404,0.3270576,-296.4584,26.61353,0.1461896,-323.9583,26.56357,0.09118583,-325.9923,25.9144,0.08477604,-325.9923,
------------------------------------------------------------
Friday, November 1, 2019 3:26:53 PM--------------------
28.44461,0.09061206,-325.9324,17.95752,0.07478591,-325.9923,31.39096,0.07152572,-325.9924,33.98779,0.07272726,-325.9923,32.53955,NaN,-325.9923,32.30652,0.07452071,-325.9924,27.76212,0.07336866,-325.9924,26.64682,0.07236721,-325.9924,32.93909,0.07270788,-325.9923,38.2825,0.07306876,-325.9923,24.41623,0.1071941,-325.9749,20.67081,0.08447224,-325.9924,29.75967,0.1341022,-324.4976,25.29846,0.2901107,-296.9923,36.00195,0.08429208,-325.9923,23.66714,0.08559307,-325.9924,28.84412,0.3387342,-304.2304,28.7276,0.09471194,-325.8801,26.66345,0.08477742,-325.9924,25.84781,0.08474921,-325.9924,
------------------------------------------------------------
Friday, November 1, 2019 3:27:24 PM--------------------
28.41132,0.09607269,-325.8819,17.84097,0.07472694,-325.9923,31.42426,0.07138833,-325.9924,33.73807,0.07269083,-325.9924,32.52295,NaN,-325.9923,32.28986,0.07448544,-325.9923,27.6123,0.07335903,-325.9924,27.81207,0.07229614,-325.9923,30.95816,0.07265675,-325.9923,38.2825,0.07300454,-325.9923,24.44952,0.1245922,-323.8334,20.57095,0.08446506,-325.9923,27.42917,0.0948972,-325.9319,25.13199,0.2608965,-322.1284,35.80219,0.08393083,-325.9924,23.55063,0.08557547,-325.9923,28.61108,0.1091118,-325.0143,28.66098,0.1292801,-325.5517,26.56357,0.1088849,-325.9924,25.4483,0.08477677,-325.9923,
------------------------------------------------------------
Friday, November 1, 2019 3:27:55 PM--------------------
28.44461,0.1052588,-325.9305,17.97415,0.07472391,-325.9924,31.52414,0.0714336,-325.9924,34.00446,0.07263257,-325.9924,32.53955,NaN,-325.9924,32.42307,0.07444023,-325.9924,27.52908,0.07339401,-325.9923,27.81207,0.07230297,-325.9923,33.07224,0.07261469,-325.9923,37.99951,0.07303626,-325.9923,24.54941,0.0967002,-325.905,20.62088,0.08448716,-325.9923,29.69308,0.08480513,-325.9896,25.09869,0.2597505,-324.8965,35.93536,0.08392835,-325.9923,23.51733,0.08558178,-325.9923,28.92734,0.0912608,-325.9269,28.7276,0.1222683,-316.5954,26.66345,0.1029136,-325.172,25.96432,0.08475073,-325.9923,
------------------------------------------------------------
Friday, November 1, 2019 3:28:26 PM--------------------
28.49454,0.1102017,-325.9535,17.90756,0.07478531,-325.9924,30.80835,0.07150392,-325.9923,33.73807,0.0727253,-325.9924,32.42307,NaN,-325.9923,32.20663,0.07452589,-325.9923,27.69556,0.07482916,-325.9924,27.72882,0.07233743,-325.9923,32.93909,0.07263162,-325.9924,38.13266,0.07306987,-325.9923,24.5993,0.1186093,-325.9884,20.60425,0.08448534,-325.9924,29.70972,0.0843167,-325.9922,25.19858,0.1388739,-325.9419,35.93536,0.08472666,-325.9923,23.56726,0.0855814,-325.9923,28.7276,0.08915671,-325.9885,28.71094,0.09313655,-325.5114,26.84656,0.1219272,-325.2089,25.99762,0.08478434,-325.9923,
------------------------------------------------------------
Friday, November 1, 2019 3:28:57 PM--------------------
28.34473,0.1139213,-325.99,17.92419,0.07479015,-325.9923,31.44092,0.07151809,-325.9923,33.62155,0.0727596,-325.9923,32.47296,NaN,-325.9923,32.33981,0.07459826,-325.9923,27.6456,0.1477782,-325.9918,27.8287,0.07240416,-325.9923,32.87247,0.07265202,-325.9923,38.08273,0.07306881,-325.9924,24.43286,0.1293913,-325.9922,20.521,0.08450203,-325.9924,29.69308,0.08431533,-325.9923,25.11536,0.104532,-325.9903,35.86877,0.08397471,-325.9923,23.56726,0.08561798,-325.9923,28.7276,0.08467706,-325.9922,28.74423,0.08453209,-325.9729,23.26764,0.1038187,-325.9607,25.94769,0.0847781,-325.9923,
------------------------------------------------------------
Friday, November 1, 2019 3:29:29 PM--------------------
28.54446,0.1093918,-325.9922,17.90756,0.07483492,-325.9923,31.39096,0.07171007,-325.9923,33.82129,0.07291093,-325.9923,32.33981,NaN,-325.9924,32.47296,0.07465874,-325.9923,27.76212,0.1255887,-325.9879,27.84534,0.07243589,-325.9924,32.87247,0.07273701,-325.9923,38.21594,0.07313386,-325.9923,24.39957,0.184658,-315.086,20.521,0.08451427,-325.9924,29.55988,0.08429787,-325.9923,25.11536,0.1073486,-325.9919,35.88544,0.0839626,-325.9924,23.534,0.08560576,-325.9923,28.71094,0.0844885,-325.9923,28.79416,0.08417259,-325.9916,26.51364,0.09294586,-325.9911,25.9144,0.08477982,-325.9923,
------------------------------------------------------------
Friday, November 1, 2019 3:30:00 PM--------------------
28.42795,0.1032234,-325.991,17.90756,0.07482396,-325.9923,31.49084,0.07152621,-325.9923,33.77139,0.07276586,-325.9924,32.50629,NaN,-291.2011,32.58951,0.07449584,-325.9924,27.81207,0.2031976,-295.9985,27.862,0.07231706,-325.9923,32.80591,0.07270866,-325.9924,38.26587,0.07306355,-325.9923,24.34964,0.1206938,-325.5495,20.73743,0.08449685,-325.9923,29.65979,0.0842721,-325.9923,25.13199,0.1026346,-325.9923,35.86877,0.08535588,-325.9923,23.55063,0.08558602,-325.9924,28.76086,0.09120014,-325.9921,28.7276,0.08414234,-325.9924,26.61353,0.1136651,-321.6891,25.94769,0.08476294,-325.9923,
------------------------------------------------------------
Friday, November 1, 2019 3:30:32 PM--------------------
28.42795,0.08431109,-325.9917,18.04074,0.0747748,-325.9923,31.39096,0.07146977,-325.9923,34.08768,0.0727257,-325.9924,32.50629,NaN,-314.1219,32.48962,0.07450568,-325.9924,27.54572,0.2200195,-303.6768,27.76212,0.07229446,-325.9923,32.82254,0.07318979,-325.9923,38.18262,0.07305533,-325.9924,24.39957,0.1109292,-325.9744,20.62088,0.08449675,-325.9923,29.79294,0.08427428,-325.9923,25.23187,0.102409,-325.9901,36.03528,0.08399188,-325.9924,23.63388,0.08561545,-325.9923,28.81082,0.2956316,-275.4585,28.66098,0.08413185,-325.9924,26.7467,0.1061419,-325.8183,26.11414,0.08477741,-325.9924,
------------------------------------------------------------
Friday, November 1, 2019 3:31:03 PM--------------------
28.39465,0.08184557,-325.9919,17.84097,0.07741269,-325.9924,31.40759,0.097775,-325.9924,33.92123,0.0726996,-325.9923,32.50629,NaN,-325.4052,32.27325,0.07459182,-325.9923,27.72882,0.1556858,-321.2061,27.99515,0.07230669,-325.9924,32.88913,0.07295819,-325.9923,38.13266,0.07306953,-325.9923,24.41623,0.1610805,-324.8116,20.63754,0.08449018,-325.9924,29.75967,0.0842816,-325.9923,25.36508,0.1077101,-325.9922,35.93536,0.08395209,-325.9923,23.73373,0.08559242,-325.9923,28.71094,0.2415531,-319.029,28.76086,0.08413381,-325.9924,26.63016,0.1130228,-325.9698,26.11414,0.08478228,-325.9923,
------------------------------------------------------------
Friday, November 1, 2019 3:31:35 PM--------------------
28.56113,0.08521563,-325.9861,17.87427,0.1926345,-315.1953,31.44092,0.2470972,-321.112,33.73807,0.07269261,-325.9924,32.67273,NaN,-325.9494,32.33981,0.07453401,-325.9924,27.66223,0.1502664,-321.1917,25.6647,0.07235362,-325.9924,32.97235,0.07287453,-325.9924,38.2825,0.0730922,-325.9924,24.44952,0.2484401,-322.2369,20.75406,0.08449281,-325.9924,29.89282,0.08428062,-325.9923,25.19858,0.09001639,-325.9804,35.81885,0.08655467,-325.9923,23.76703,0.08558996,-325.9923,28.71094,0.1206621,-323.689,28.74423,0.08900373,-325.9923,26.71338,0.08675184,-325.9914,25.86444,0.0847576,-325.9924,
------------------------------------------------------------
Friday, November 1, 2019 3:32:07 PM--------------------
26.33054,0.1066791,-325.967,17.90756,0.1231018,-325.5557,31.47418,0.1208604,-320.7552,33.68814,0.07313763,-325.9923,32.58951,NaN,-325.9907,32.2233,0.07456485,-325.9924,27.56238,0.2355357,-309.7283,27.92859,0.07236502,-325.9923,32.87247,0.07957058,-325.9924,38.29916,0.07311111,-325.9924,24.33301,0.3155193,-288.1114,20.65417,0.08449013,-325.9923,29.72635,0.08428785,-325.9924,25.14865,0.1416387,-325.9361,35.76889,0.08403031,-325.9923,23.65051,0.08558412,-325.9923,28.96063,0.08598578,-325.8988,28.81082,0.1060339,-325.9617,26.69675,0.08415418,-325.9923,26.03091,0.08477586,-325.9923,
------------------------------------------------------------
Friday, November 1, 2019 3:32:40 PM--------------------
28.52783,0.10886,-325.9697,17.95752,0.3306317,-280.9987,31.34103,0.07356811,-325.8007,33.87122,0.09293565,-325.4129,32.52295,NaN,-276.9069,32.28986,0.07461309,-325.9924,27.62894,0.1008657,-325.3972,27.92859,0.07232983,-325.9924,32.87247,0.1009857,-325.9923,38.23257,0.07303993,-325.9923,24.43286,0.3954818,-281.2552,20.62088,0.08450096,-325.9924,29.90948,0.08428034,-325.9923,25.34839,0.1508543,-312.7112,35.68567,0.0839324,-325.9923,23.70044,0.08561635,-325.9923,28.84412,0.08453015,-325.9889,28.84412,0.2686912,-313.5753,26.63016,0.08404484,-325.9923,26.06421,0.08476399,-325.9924,
------------------------------------------------------------
Friday, November 1, 2019 3:33:12 PM--------------------
28.5112,0.08475289,-325.9861,17.94086,0.2868467,-271.403,31.44092,0.07169694,-325.9846,33.88791,0.127381,-325.1111,32.67273,NaN,-323.2549,32.20663,0.07464077,-325.9923,27.71219,0.07454448,-325.9683,27.71219,0.07235447,-325.9923,32.87247,0.1127523,-325.9885,38.2825,0.07305799,-325.9923,24.54941,0.3744463,-306.0003,20.72076,0.08449737,-325.9924,29.8429,0.08429713,-325.9923,25.53152,0.1407467,-324.5779,35.48593,0.08742511,-325.9924,24.05002,0.08561885,-325.9924,28.91068,0.08449017,-325.9922,26.81326,0.102702,-285.8766,26.7467,0.08412673,-325.9924,26.0975,0.08476558,-325.9924,
------------------------------------------------------------
Friday, November 1, 2019 3:33:44 PM--------------------
28.56113,0.08082699,-325.9918,17.92419,0.116124,-323.7587,31.44092,0.1153232,-325.2657,34.18753,0.111421,-319.9038,32.53955,NaN,-325.8922,32.48962,0.07456397,-325.9924,27.66223,0.07346493,-325.9915,27.862,0.07238559,-325.9924,32.98901,0.1171436,-325.9343,38.2825,0.07309411,-325.9923,24.56604,0.1115535,-325.1839,20.75406,0.08448792,-325.9924,29.69308,0.08428286,-325.9923,25.26517,0.1223134,-325.7834,36.00195,0.08409402,-325.9924,23.86691,0.08562536,-325.9923,28.7276,0.08480537,-325.976,28.76086,0.12254,-324.0629,26.69675,0.08403305,-325.9924,26.03091,0.08614697,-325.9924,
------------------------------------------------------------
Friday, November 1, 2019 3:34:16 PM--------------------
28.54446,0.08144234,-325.9922,17.85764,0.07635619,-325.9106,31.54077,0.08546565,-323.3363,33.88791,0.07972155,-325.6635,32.58951,NaN,-325.9887,32.53955,0.07460754,-325.9923,27.66223,0.07341634,-325.9923,28.02847,0.07235532,-325.9923,32.92242,0.07965954,-325.9902,38.38239,0.07306636,-325.9924,24.51608,0.08736861,-325.9627,20.57095,0.08449577,-325.9923,29.85956,0.084294,-325.9924,25.26517,0.1729016,-318.1187,35.91873,0.08394068,-325.9923,23.60056,0.08562766,-325.9923,28.91068,0.127034,-312.1237,28.84412,0.1962293,-325.8548,26.69675,0.0915788,-325.9923,25.83118,0.1236037,-314.6686,
------------------------------------------------------------
Friday, November 1, 2019 3:34:49 PM--------------------
28.64435,0.09567321,-325.9923,18.04074,0.1073162,-325.9886,31.59073,0.1105604,-316.3539,33.93784,0.07665484,-325.9803,32.63943,NaN,-325.9922,32.57285,0.07463796,-325.9923,27.62894,0.07341283,-325.9924,28.06174,0.07233755,-325.9923,32.92242,0.07690586,-325.9922,38.41565,0.07354736,-325.9924,24.44952,0.08813436,-325.9912,20.7041,0.08450896,-325.9923,29.79294,0.08428273,-325.9923,25.23187,0.1513862,-311.9341,36.00195,0.08914511,-325.9923,23.61722,0.08561303,-325.9923,29.06049,0.1158055,-325.3038,28.81082,0.1129027,-325.758,26.69675,0.1174022,-325.9914,26.01425,0.08984125,-325.4857,
------------------------------------------------------------
Friday, November 1, 2019 3:35:21 PM--------------------
28.7276,0.09962247,-325.9923,17.85764,0.1844976,-305.5356,31.47418,0.07299161,-325.6396,34.10431,0.3109897,-297.3092,32.68939,NaN,-325.9924,32.52295,0.07531602,-325.9923,27.69556,0.07336245,-325.9923,28.01181,0.07235726,-325.9923,32.92242,0.07720547,-325.9923,38.2825,0.07989728,-325.9761,24.33301,0.08582389,-325.9924,20.72076,0.08449467,-325.9923,29.82623,0.08429711,-325.9923,25.13199,0.1232047,-320.7358,35.78555,0.08412895,-325.9923,23.70044,0.08560883,-325.9923,28.89404,0.1114183,-325.9528,28.89404,0.126008,-325.8459,26.61353,0.3397726,-284.2536,25.94769,0.1921564,-283.3489,
------------------------------------------------------------
Friday, November 1, 2019 3:35:54 PM--------------------
28.54446,0.1070563,-325.9924,17.84097,0.1548096,-324.3911,31.64066,0.07155494,-325.9794,33.88791,0.3374696,-293.9688,32.60617,NaN,-315.0322,32.48962,0.2879229,-325.3146,27.56238,0.07338338,-325.9923,27.862,0.07230937,-325.9924,32.97235,0.07531177,-325.9923,38.26587,0.08098267,-325.8138,24.41623,0.08573104,-325.9923,20.67081,0.08448914,-325.9923,29.90948,0.08638683,-325.9923,25.29846,0.1302251,-325.2015,35.93536,0.0839285,-325.9923,23.70044,0.08561612,-325.9923,28.76086,0.1051485,-325.9772,28.89404,0.05976648,-324.9688,26.66345,0.2759307,-322.8376,26.0975,0.2799931,-283.2089,
------------------------------------------------------------
Friday, November 1, 2019 3:36:27 PM--------------------
28.5112,0.1177615,-325.9924,17.92419,0.2183163,-270.2346,31.50748,0.07143623,-325.9918,33.83795,0.1423465,-322.0059,32.58951,NaN,-325.5491,32.47296,0.1898843,-317.5952,27.69556,0.07340427,-325.9924,27.96185,0.07227087,-325.9924,31.15793,0.08204125,-325.9924,38.26587,0.07374604,-325.9858,24.5993,0.08843152,-325.9923,20.73743,0.0845016,-325.9923,29.75967,0.1208909,-319.0216,25.24854,0.1173806,-325.9574,35.93536,0.09098114,-325.9923,23.7171,0.08687535,-325.9923,28.81082,0.1164106,-314.0807,28.76086,0.06425808,-325.2543,26.61353,0.1120042,-325.7682,26.04755,0.1737106,-321.4113,
------------------------------------------------------------
Friday, November 1, 2019 3:37:00 PM--------------------
28.42795,0.1324808,-325.9923,17.94086,0.1884579,-323.9435,31.47418,0.07147653,-325.9924,33.98779,0.179972,-324.3076,32.4397,NaN,-303.2456,32.27325,0.07868005,-325.7143,27.62894,0.0733435,-325.9923,27.862,0.07236142,-325.9923,32.80591,0.07995493,-325.9924,38.26587,0.07301232,-325.9921,24.33301,0.08576491,-325.9924,20.80399,0.08448815,-325.9923,27.6123,0.08927625,-325.7615,25.24854,0.1519044,-312.3119,35.88544,0.08418157,-325.9924,23.70044,0.1183943,-317.0956,28.89404,0.1042549,-325.5073,28.7276,0.2090649,-325.9534,26.7467,0.08502463,-325.9849,26.04755,0.2748332,-298.1194,
------------------------------------------------------------
Friday, November 1, 2019 3:37:33 PM--------------------
28.41132,0.138468,-325.9837,17.82434,0.0817854,-325.9245,31.49084,0.0715188,-325.9923,34.00446,0.1944555,-324.8804,32.63943,NaN,-325.1335,32.4064,0.07466887,-325.9831,24.05002,0.07335372,-325.9924,27.91193,0.07230055,-325.9923,32.93909,0.07520979,-325.9924,38.23257,0.0791525,-325.9923,24.46616,0.0857031,-325.9924,20.63754,0.08450741,-325.9924,29.94278,0.08445464,-325.9847,25.29846,0.1534697,-313.1766,35.71896,0.08393456,-325.9924,23.70044,0.1199768,-325.4589,28.82745,0.1129167,-325.5096,28.74423,0.1425437,-325.7941,26.71338,0.08410155,-325.9921,25.93103,0.2358485,-319.0907,
------------------------------------------------------------
Friday, November 1, 2019 3:38:06 PM--------------------
28.49454,0.1128614,-325.9258,17.92419,0.07511824,-325.9899,31.44092,0.07160554,-325.9924,33.88791,0.07873907,-325.9517,32.67273,NaN,-325.9609,32.4397,0.0745876,-325.992,27.6456,0.07340845,-325.9923,27.91193,0.07244081,-325.9924,32.82254,0.07321156,-325.9924,38.33243,0.2377011,-322.0105,24.43286,0.088721,-325.9923,20.63754,0.08451263,-325.9923,29.8096,0.3069076,-309.3613,25.09869,0.1504362,-310.9978,35.96866,0.09177352,-325.9923,23.73373,0.1653549,-320.8145,28.74423,0.1084961,-325.9676,28.66098,0.0505495,-324.0109,26.61353,0.08406937,-325.9924,25.93103,0.09142714,-325.7398,
------------------------------------------------------------
Friday, November 1, 2019 3:38:39 PM--------------------
28.5112,0.1005486,-325.9786,17.85764,0.07490889,-325.9923,31.40759,0.07162229,-325.9923,33.92123,0.07308763,-325.9908,32.70602,NaN,-325.9912,32.38974,0.07459828,-325.9924,27.66223,0.07344997,-325.9923,27.84534,0.07239299,-325.9924,32.93909,0.07544087,-325.9923,38.31583,0.2405809,-315.0313,24.34964,0.08580167,-325.9924,20.521,0.08472531,-325.9923,29.64313,0.1132517,-325.2997,25.16528,0.1587615,-322.9547,35.93536,0.08420154,-325.9924,23.76703,0.1508611,-324.8624,28.79416,0.09350788,-325.989,28.74423,0.04213111,-321.7027,26.66345,0.08404503,-325.9924,25.9144,0.08616729,-325.9839,
------------------------------------------------------------
Friday, November 1, 2019 3:39:13 PM--------------------
28.56113,0.1011233,-325.9875,17.92419,0.07479475,-325.9923,31.52414,0.07151073,-325.9923,33.80466,0.08809976,-325.9923,32.47296,NaN,-300.2625,32.30652,0.0745644,-325.9923,27.79541,0.07339122,-325.9924,27.79541,0.07237706,-325.9923,32.90579,0.0800745,-325.9923,38.18262,0.1027094,-325.615,24.43286,0.08570944,-325.9924,20.75406,0.1732802,-325.9435,27.41254,0.09010762,-325.9694,25.0654,0.151406,-325.8874,35.91873,0.08393191,-325.9923,23.7504,0.09299149,-325.955,28.71094,0.08534431,-325.9922,28.66098,0.1999802,-325.8403,26.63016,0.08404271,-325.9924,26.01425,0.08929909,-325.9914,
------------------------------------------------------------
Friday, November 1, 2019 3:39:47 PM--------------------
28.61108,0.1224859,-321.109,17.90756,0.0748209,-325.9923,31.44092,0.0715725,-325.9923,33.82129,0.1709526,-319.6995,32.67273,NaN,-302.2787,32.57285,0.07459161,-325.9923,27.74545,0.07343081,-325.9923,27.74545,0.1035275,-325.9855,32.80591,0.1425757,-310.9782,38.16599,0.2038135,-302.6967,22.25223,0.08844783,-325.9924,20.53766,0.2389517,-281.8542,29.72635,0.3006027,-309.9642,25.14865,0.1342167,-325.9838,35.90207,0.09099179,-325.9923,23.51733,0.0858722,-325.9911,28.62772,0.08452274,-325.9923,28.69431,0.2257739,-323.9339,26.61353,0.08415697,-325.9923,26.01425,0.1137472,-324.4355,
------------------------------------------------------------
Friday, November 1, 2019 3:40:20 PM--------------------
28.61108,0.1454088,-324.8811,17.95752,0.07480381,-325.9924,31.59073,0.07161795,-325.9923,33.90457,0.1134475,-325.7285,32.47296,NaN,-290.7396,32.4064,0.07461207,-325.9924,27.56238,0.07343066,-325.9924,27.81207,0.1469051,-320.4337,32.88913,0.08697829,-325.3189,38.11603,0.1800685,-324.5986,24.44952,0.08596443,-325.9923,20.521,0.2226991,-324.377,29.75967,0.1454069,-323.165,25.16528,0.1376364,-325.9844,35.48593,0.08419639,-325.9924,23.66714,0.08564606,-325.9923,28.74423,0.358929,-289.9703,28.66098,0.2136616,-325.6063,26.56357,0.08402669,-325.9924,25.93103,0.133291,-325.7849,
------------------------------------------------------------
Monday, November 4, 2019 2:22:41 PM--------------------
30.54199,0.08480731,-0.8149662,30.29233,0.09306961,-24.41603,27.69556,0.04802135,-48.22966,25.99762,0.0001847263,217.8603,20.85394,0.0482855,-52.28047,21.56973,0.02852023,-19.03763,24.94888,0.1522677,-76.98951,29.21033,0.178441,-37.4633,29.54324,0.08726687,-17.24523,31.67395,0.05376424,-77.68285,18.14059,0.05854029,-80.2805,24.83237,0.06922781,-77.74384,27.2627,0.0591338,-78.43957,27.22943,0.05921462,-76.59309,26.01425,0.05994432,-76.88415,30.65854,0.1888004,-166.7069,28.9939,0.05362475,-52.38738,27.09625,0.2198021,-29.26561,22.63507,0.0537308,-48.30953,23.65051,0.1980939,-325.8276,
------------------------------------------------------------
